symbol,timestamp,open,high,low,close,volume
AAPL,2018-01-02,169.5,172.35,167.3,170.32,55788921
AAPL,2018-01-03,167.52,170.12,165.72,168.84,41300885
AAPL,2018-01-04,168.4,171.22,168.4,171.2,54817184
AAPL,2018-01-05,170.71,172.01,169.84,171.17,66792155
AAPL,2018-01-08,171.52,171.79,169.66,170.47,78574328
AAPL,2018-01-09,169.54,170.05,169.34,170.01,73717307
AAPL,2018-01-10,169.74,169.79,169.05,169.23,68913339
AAPL,2018-01-11,168.08,168.18,165.35,166.08,46939239
AAPL,2018-01-12,166.55,167.17,164.85,164.92,60835801
AAPL,2018-01-15,164.35,167.13,162.17,163.79,54119117
AAPL,2018-01-16,161.06,162.04,159.89,160.47,22630708
AAPL,2018-01-17,162.59,164.41,161.76,162.55,58727468
AAPL,2018-01-18,163.22,165.54,162.62,162.64,32719242
AAPL,2018-01-19,162.58,164.95,160.76,164.64,64891129
AAPL,2018-01-22,164.94,166.81,163.95,164.13,74079037
AAPL,2018-01-23,164.52,166.43,161.86,164.02,63891300
AAPL,2018-01-24,166.83,169.0,166.12,166.86,59443226
AAPL,2018-01-25,166.64,166.72,166.32,166.33,69007334
AAPL,2018-01-26,166.51,168.6,166.09,167.61,56898446
AAPL,2018-01-29,167.29,167.52,166.42,166.6,53598017
AAPL,2018-01-30,166.16,166.48,164.79,165.16,64066131
AAPL,2018-01-31,166.5,168.92,163.81,165.43,22907360
AAPL,2018-02-01,165.34,165.34,164.28,164.6,56102853
AAPL,2018-02-02,164.3,164.97,163.94,164.29,43234510
AAPL,2018-02-05,162.17,163.84,160.96,161.15,36816569
AAPL,2018-02-06,161.54,163.03,160.64,161.32,44210512
AAPL,2018-02-07,162.53,163.76,162.43,162.89,60163712
AAPL,2018-02-08,160.69,162.16,157.73,158.8,21119043
AAPL,2018-02-09,157.02,157.75,154.61,156.09,56634821
AAPL,2018-02-12,157.05,159.45,156.6,158.05,55703247
AAPL,2018-02-13,157.04,159.07,156.99,158.06,53267858
AAPL,2018-02-14,155.99,158.81,154.8,156.88,61167719
AAPL,2018-02-15,155.16,155.5,152.39,155.12,54109026
AAPL,2018-02-16,153.01,155.96,151.46,152.63,71018624
AAPL,2018-02-19,153.0,155.7,151.1,152.66,43448674
AAPL,2018-02-20,154.65,157.22,153.44,156.8,50831219
AAPL,2018-02-21,154.2,156.9,152.38,152.42,53163773
AAPL,2018-02-22,155.64,156.49,154.72,155.58,66918818
AAPL,2018-02-23,154.93,157.07,154.22,155.15,72039571
AAPL,2018-02-26,155.73,157.89,154.81,156.48,57856186
AAPL,2018-02-27,155.14,155.87,152.22,153.65,26105525
AAPL,2018-02-28,154.61,155.66,152.67,154.67,40583904
AAPL,2018-03-01,154.65,155.49,154.58,155.17,42487056
AAPL,2018-03-02,156.53,157.37,153.88,156.49,47674903
AAPL,2018-03-05,156.19,157.91,153.25,153.6,57890300
AAPL,2018-03-06,154.66,155.61,154.15,154.96,21989173
AAPL,2018-03-07,155.83,156.12,153.98,156.1,37882750
AAPL,2018-03-08,157.66,159.88,155.57,158.6,20498863
AAPL,2018-03-09,157.94,159.2,157.17,158.41,34900027
AAPL,2018-03-12,158.45,160.84,156.5,159.55,36722573
AAPL,2018-03-13,160.07,161.2,159.79,160.61,40153173
AAPL,2018-03-14,158.71,161.66,156.19,160.9,21079600
AAPL,2018-03-15,160.8,161.88,160.42,161.18,38762804
AAPL,2018-03-16,162.36,163.73,159.83,160.59,41921117
AAPL,2018-03-19,161.26,163.44,158.33,160.97,64910237
AAPL,2018-03-20,159.19,160.49,156.96,157.85,73509593
AAPL,2018-03-21,160.58,162.67,159.35,159.93,20803328
AAPL,2018-03-22,158.72,159.0,158.17,158.95,76996736
AAPL,2018-03-23,161.27,162.93,159.43,160.9,77363531
AAPL,2018-03-26,159.73,160.09,158.7,158.83,21748014
AAPL,2018-03-27,158.87,160.98,157.45,157.8,51099311
AAPL,2018-03-28,158.11,159.5,156.16,156.32,70018037
AAPL,2018-03-29,154.91,156.03,153.03,154.54,74717184
AAPL,2018-03-30,155.39,157.24,152.56,156.98,53603547
AAPL,2018-04-02,159.0,160.73,157.84,159.7,42024096
AAPL,2018-04-03,161.92,163.8,159.46,162.29,35287338
AAPL,2018-04-04,159.65,159.95,159.6,159.63,67810594
AAPL,2018-04-05,159.76,160.92,157.72,158.81,65932658
AAPL,2018-04-06,156.63,158.72,154.74,158.23,22989475
AAPL,2018-04-09,159.85,161.49,158.58,160.23,77658082
AAPL,2018-04-10,161.35,162.47,159.02,160.2,58149309
AAPL,2018-04-11,159.34,161.38,157.12,158.13,31720477
AAPL,2018-04-12,159.36,161.84,158.4,161.48,48391011
AAPL,2018-04-13,161.63,161.9,160.67,161.84,76294783
AAPL,2018-04-16,161.76,162.01,161.48,161.8,49326259
AAPL,2018-04-17,163.33,165.7,160.96,161.39,63144233
AAPL,2018-04-18,164.8,164.97,162.59,163.89,31624266
AAPL,2018-04-19,161.31,163.59,159.46,159.88,45691654
AAPL,2018-04-20,158.55,159.74,155.87,156.44,77235484
AAPL,2018-04-23,157.14,158.26,156.03,157.84,61869822
AAPL,2018-04-24,159.43,160.48,157.31,158.84,32831595
AAPL,2018-04-25,158.71,161.43,158.38,159.88,68763532
AAPL,2018-04-26,159.88,162.1,157.58,161.3,62248102
AAPL,2018-04-27,162.37,165.26,161.25,162.4,59617335
AAPL,2018-04-30,162.23,164.64,159.3,162.27,63750190
AAPL,2018-05-01,163.55,166.53,163.33,165.1,22373139
AAPL,2018-05-02,162.49,163.14,161.61,163.13,60480309
AAPL,2018-05-03,164.99,165.13,164.15,165.08,36736613
AAPL,2018-05-04,165.43,166.26,164.87,165.51,61241273
AAPL,2018-05-07,163.76,164.84,162.98,163.82,24578238
AAPL,2018-05-08,163.17,165.61,161.12,161.85,40088365
AAPL,2018-05-09,162.34,163.59,160.6,163.35,39857417
AAPL,2018-05-10,166.11,166.25,166.03,166.11,78747968
AAPL,2018-05-11,167.99,169.12,165.74,167.07,24463418
AAPL,2018-05-14,169.45,170.86,168.21,168.93,60804335
AAPL,2018-05-15,168.42,170.02,166.17,169.69,50170134
AAPL,2018-05-16,172.28,174.83,171.54,173.02,37864557
AAPL,2018-05-17,171.37,171.99,168.74,171.2,20092193
AAPL,2018-05-18,169.23,171.24,167.67,170.43,39492730
AAPL,2018-05-21,171.12,174.02,170.85,173.36,70813328
AAPL,2018-05-22,170.38,172.65,168.52,171.43,62258866
AAPL,2018-05-23,173.11,176.05,171.29,174.32,54104654
AAPL,2018-05-24,175.75,176.79,174.21,176.23,45416699
AAPL,2018-05-25,175.72,177.81,173.33,175.39,79985296
AAPL,2018-05-28,174.4,175.78,171.46,173.59,22691276
AAPL,2018-05-29,173.04,174.06,171.43,172.64,48523343
AAPL,2018-05-30,170.15,172.07,169.6,170.45,46471618
AAPL,2018-05-31,171.63,174.55,169.82,170.88,59902996
AAPL,2018-06-01,169.0,169.53,168.73,168.83,52872680
AAPL,2018-06-04,169.97,170.36,168.98,169.42,30889464
AAPL,2018-06-05,170.11,171.64,169.64,170.39,31145552
AAPL,2018-06-06,170.95,173.19,170.4,170.98,67661694
AAPL,2018-06-07,171.2,173.48,169.61,172.4,43335437
AAPL,2018-06-08,169.88,171.94,167.35,170.79,77647084
AAPL,2018-06-11,171.31,172.5,171.0,172.11,64705819
AAPL,2018-06-12,169.96,170.59,168.98,169.17,42419480
AAPL,2018-06-13,170.86,172.36,170.6,171.55,57435425
AAPL,2018-06-14,172.07,173.76,170.93,171.88,58750899
AAPL,2018-06-15,172.6,173.67,169.64,172.08,32248352
AAPL,2018-06-18,169.5,170.6,168.04,170.22,61930173
AAPL,2018-06-19,168.27,170.96,168.03,169.57,37810471
AAPL,2018-06-20,172.15,174.84,170.42,174.47,42763342
AAPL,2018-06-21,174.45,174.96,172.44,174.78,62468174
AAPL,2018-06-22,174.79,177.31,174.17,177.21,53618755
AAPL,2018-06-25,177.02,177.75,176.68,177.33,51699263
AAPL,2018-06-26,176.12,178.92,175.16,177.39,62328965
AAPL,2018-06-27,175.44,175.63,172.47,173.49,75832193
AAPL,2018-06-28,170.81,170.82,170.46,170.63,73050917
AAPL,2018-06-29,169.76,172.55,167.27,172.37,67515508
AAPL,2018-07-02,174.82,175.36,174.62,175.17,71424149
AAPL,2018-07-03,174.94,177.42,172.69,176.47,74256930
AAPL,2018-07-05,176.72,178.72,175.15,176.43,29451244
AAPL,2018-07-06,177.43,178.79,175.29,178.44,39339685
AAPL,2018-07-09,178.31,180.04,177.24,178.34,22609089
AAPL,2018-07-10,180.1,181.97,179.75,181.84,31630982
AAPL,2018-07-11,183.31,183.81,180.67,182.23,50433757
AAPL,2018-07-12,184.57,185.03,183.63,183.98,61108406
AAPL,2018-07-13,181.73,183.87,180.25,182.98,59367797
AAPL,2018-07-16,182.39,184.93,182.01,183.17,21805468
AAPL,2018-07-17,183.24,184.47,180.92,180.96,40154994
AAPL,2018-07-18,181.71,182.47,180.67,181.0,29451337
AAPL,2018-07-19,179.44,180.71,178.58,179.89,44062169
AAPL,2018-07-20,180.17,182.0,180.12,181.76,63994571
AAPL,2018-07-23,182.24,184.61,182.17,183.76,44144880
AAPL,2018-07-24,184.42,185.69,182.21,185.46,35863509
AAPL,2018-07-25,185.18,185.89,184.68,184.91,60225750
AAPL,2018-07-26,187.65,189.21,185.88,187.21,53872840
AAPL,2018-07-27,186.77,189.13,184.96,185.44,55453171
AAPL,2018-07-30,187.23,188.27,186.19,187.72,58410879
AAPL,2018-07-31,186.7,187.12,186.17,186.64,74440645
AAPL,2018-08-01,184.49,186.83,183.66,184.36,61041777
AAPL,2018-08-02,183.56,186.44,183.11,184.49,51029723
AAPL,2018-08-03,183.33,184.23,182.4,183.13,41105074
AAPL,2018-08-06,183.85,184.47,183.28,183.32,34246173
AAPL,2018-08-07,184.68,185.56,182.54,184.13,33769205
AAPL,2018-08-08,183.56,185.24,183.09,183.48,30353564
AAPL,2018-08-09,183.22,184.04,180.53,182.38,36642016
AAPL,2018-08-10,179.58,181.73,177.6,177.71,33839094
AAPL,2018-08-13,175.76,177.28,173.97,175.09,49822180
AAPL,2018-08-14,174.74,175.45,174.44,174.69,35105101
AAPL,2018-08-15,176.23,179.12,173.4,174.21,20611213
AAPL,2018-08-16,175.17,175.21,174.91,174.97,66846098
AAPL,2018-08-17,175.34,177.27,173.23,176.91,78808211
AAPL,2018-08-20,177.72,178.81,177.62,178.61,26193956
AAPL,2018-08-21,178.55,179.86,177.67,179.75,78436437
AAPL,2018-08-22,179.05,180.75,176.09,178.29,63946719
AAPL,2018-08-23,176.16,176.97,174.54,176.08,53877350
AAPL,2018-08-24,175.81,177.08,175.41,176.91,35985249
AAPL,2018-08-27,174.3,177.04,173.95,175.73,56207525
AAPL,2018-08-28,174.05,175.54,171.89,172.28,71048404
AAPL,2018-08-29,170.64,172.84,169.89,171.76,62515252
AAPL,2018-08-30,172.44,173.7,171.29,172.54,20390719
AAPL,2018-08-31,173.94,174.49,173.67,174.3,44694812
AAPL,2018-09-03,173.12,174.19,170.96,171.92,36770274
AAPL,2018-09-04,172.85,175.71,172.44,174.02,38409209
AAPL,2018-09-05,171.66,173.45,171.51,172.47,33283692
AAPL,2018-09-06,171.93,173.35,170.9,171.76,48104320
AAPL,2018-09-07,172.5,173.8,171.76,173.43,30912996
AAPL,2018-09-10,173.81,173.83,173.5,173.6,65334458
AAPL,2018-09-11,173.4,176.25,172.06,172.84,65745469
AAPL,2018-09-12,175.25,177.17,172.97,176.01,72534223
AAPL,2018-09-13,176.06,177.53,175.4,177.5,48172140
AAPL,2018-09-14,176.19,177.95,173.19,175.84,39156053
AAPL,2018-09-17,175.22,177.31,174.33,177.08,29913841
AAPL,2018-09-18,178.03,180.27,177.87,178.96,49246906
AAPL,2018-09-19,178.09,179.88,177.4,177.7,62942594
AAPL,2018-09-20,177.65,179.82,177.45,178.2,55396080
AAPL,2018-09-21,178.96,181.17,177.4,179.01,27152747
AAPL,2018-09-24,176.31,178.92,176.25,178.59,77175180
AAPL,2018-09-25,179.97,180.18,179.94,179.95,64746736
AAPL,2018-09-26,179.58,181.46,176.96,181.39,31374857
AAPL,2018-09-27,179.51,181.08,177.31,177.32,66695565
AAPL,2018-09-28,178.12,180.27,176.35,177.44,37562548
AAPL,2018-10-01,178.61,179.76,176.57,177.27,73520377
AAPL,2018-10-02,177.2,178.97,174.25,178.42,50272855
AAPL,2018-10-03,178.78,179.28,175.81,176.61,42470291
AAPL,2018-10-04,176.55,179.04,176.19,176.32,59043896
AAPL,2018-10-05,174.23,176.57,173.18,173.38,21514542
AAPL,2018-10-08,172.6,174.39,171.02,171.9,55383985
AAPL,2018-10-09,173.86,176.55,172.47,175.01,77967484
AAPL,2018-10-10,175.49,177.23,175.22,176.98,51500922
AAPL,2018-10-11,177.42,180.29,174.83,179.25,61723416
AAPL,2018-10-12,177.75,178.98,176.63,177.24,40057988
AAPL,2018-10-15,176.02,178.91,175.69,178.57,50495692
AAPL,2018-10-16,179.6,181.04,177.82,180.48,37434167
AAPL,2018-10-17,181.14,183.73,178.94,181.44,57734735
AAPL,2018-10-18,183.32,185.92,181.19,185.15,62827096
AAPL,2018-10-19,184.86,186.96,184.29,186.64,55177004
AAPL,2018-10-22,185.87,188.35,185.48,186.44,59227037
AAPL,2018-10-23,185.67,187.34,183.4,184.42,44192961
AAPL,2018-10-24,184.25,187.19,182.35,183.61,58679227
AAPL,2018-10-25,183.41,183.8,182.56,182.58,64520680
AAPL,2018-10-26,183.34,185.24,180.54,181.02,28067987
AAPL,2018-10-29,179.86,180.76,177.74,177.94,37375113
AAPL,2018-10-30,176.09,176.31,173.53,176.28,37941166
AAPL,2018-10-31,178.69,179.08,176.42,176.49,47911050
AAPL,2018-11-01,176.94,179.4,176.18,176.18,31546081
AAPL,2018-11-02,177.49,178.77,176.14,176.57,78237814
AAPL,2018-11-05,176.74,179.26,174.42,175.53,47209162
AAPL,2018-11-06,176.65,177.1,175.35,177.0,77884623
AAPL,2018-11-07,179.93,182.21,178.6,179.73,55402297
AAPL,2018-11-08,179.83,180.47,179.74,180.22,59304715
AAPL,2018-11-09,180.29,181.92,179.81,180.24,76004188
AAPL,2018-11-12,182.15,184.68,179.87,182.88,46821567
AAPL,2018-11-13,183.91,186.81,183.35,184.95,25290717
AAPL,2018-11-14,182.3,184.36,181.01,181.68,51007736
AAPL,2018-11-15,181.27,182.25,179.5,180.69,28998604
AAPL,2018-11-16,179.5,181.54,178.31,181.46,33476005
AAPL,2018-11-19,181.61,184.19,179.27,179.46,70495701
AAPL,2018-11-20,178.79,179.1,177.08,177.12,78438965
AAPL,2018-11-21,178.28,179.96,178.25,178.81,28962049
AAPL,2018-11-22,180.44,180.69,177.97,178.94,61208934
AAPL,2018-11-23,178.11,180.18,175.71,176.6,68243574
AAPL,2018-11-26,178.92,179.29,176.23,178.05,51050824
AAPL,2018-11-27,176.87,179.0,174.26,177.64,40843837
AAPL,2018-11-28,178.94,180.39,176.96,178.86,36002437
AAPL,2018-11-29,179.62,181.55,178.04,180.61,35053770
AAPL,2018-11-30,181.66,183.61,180.22,182.31,23832978
AAPL,2018-12-03,183.09,183.64,180.72,182.64,79359538
AAPL,2018-12-04,179.71,181.67,178.71,180.32,58233146
AAPL,2018-12-05,179.57,181.61,179.35,179.42,52997728
AAPL,2018-12-06,179.14,182.02,177.89,181.38,36169764
AAPL,2018-12-07,180.4,183.36,180.28,182.95,22363999
AAPL,2018-12-10,181.33,182.52,179.51,181.31,70277283
AAPL,2018-12-11,180.18,181.96,177.44,178.39,78375404
AAPL,2018-12-12,179.63,180.34,177.3,178.53,54812381
AAPL,2018-12-13,176.52,179.43,175.98,178.93,53942508
AAPL,2018-12-14,177.13,178.35,175.35,177.09,47364435
AAPL,2018-12-17,176.02,177.19,173.11,174.16,22090212
AAPL,2018-12-18,173.04,174.84,171.85,172.56,21284382
AAPL,2018-12-19,170.06,170.57,168.5,169.2,23257181
AAPL,2018-12-20,167.94,169.7,165.09,166.25,68830419
AAPL,2018-12-21,166.31,167.38,164.71,166.8,29709175
AAPL,2018-12-24,168.06,170.66,167.44,167.8,37715057
AAPL,2018-12-26,167.75,168.44,167.59,168.13,45560098
AAPL,2018-12-27,169.72,170.67,168.2,168.3,53149417
AAPL,2018-12-28,167.91,169.97,167.86,168.54,38673436
AAPL,2018-12-31,169.46,171.01,167.99,170.0,23184790
AAPL,2019-01-02,167.82,169.93,167.21,169.04,24990961
AAPL,2019-01-03,169.03,169.5,168.33,169.46,42791342
AAPL,2019-01-04,171.39,174.22,169.34,171.77,56387984
AAPL,2019-01-07,174.22,176.53,173.88,175.99,73376963
AAPL,2019-01-08,175.38,177.36,174.2,176.26,75160409
AAPL,2019-01-09,174.44,176.25,173.49,175.88,58491224
AAPL,2019-01-10,178.12,179.82,175.9,179.34,78047868
AAPL,2019-01-11,181.84,183.15,179.14,182.66,40167958
AAPL,2019-01-14,183.74,184.1,182.11,182.12,71908238
AAPL,2019-01-15,182.95,184.64,181.81,183.36,31748768
AAPL,2019-01-16,182.07,182.75,181.85,182.39,71379821
AAPL,2019-01-17,183.86,185.36,182.23,185.21,34677441
AAPL,2019-01-18,183.25,184.27,182.11,182.97,28793380
AAPL,2019-01-21,182.11,183.29,180.46,182.57,73111147
AAPL,2019-01-22,182.01,182.6,181.99,182.38,51806587
AAPL,2019-01-23,184.36,185.5,183.77,184.6,50315282
AAPL,2019-01-24,183.35,184.12,182.5,183.0,46417902
AAPL,2019-01-25,183.42,183.69,181.27,182.24,54253388
AAPL,2019-01-28,180.47,181.01,178.43,178.9,60967052
AAPL,2019-01-29,177.13,179.51,176.57,179.27,31392083
AAPL,2019-01-30,180.44,182.09,180.31,181.44,79714426
AAPL,2019-01-31,180.5,182.05,178.72,181.36,45687822
AAPL,2019-02-01,181.34,183.86,178.64,180.48,30718361
AAPL,2019-02-04,178.96,181.16,176.41,179.6,74352728
AAPL,2019-02-05,178.88,180.24,177.12,177.64,30732002
AAPL,2019-02-06,178.64,180.25,178.1,178.77,69375650
AAPL,2019-02-07,179.28,179.98,178.11,179.22,73222653
AAPL,2019-02-08,177.24,179.03,175.21,176.9,55609212
AAPL,2019-02-11,178.32,181.29,177.93,178.28,44003801
AAPL,2019-02-12,179.41,181.73,178.62,180.63,28593059
AAPL,2019-02-13,179.0,179.68,177.94,178.06,34752304
AAPL,2019-02-14,179.73,179.94,177.81,178.39,64033585
AAPL,2019-02-15,177.85,179.22,177.28,177.38,34931115
AAPL,2019-02-18,178.1,180.29,176.7,176.92,65708729
AAPL,2019-02-19,176.99,179.06,176.39,177.82,32569021
AAPL,2019-02-20,178.88,178.88,177.98,178.86,46356226
AAPL,2019-02-21,179.08,180.28,178.62,180.27,42015847
AAPL,2019-02-22,180.05,182.06,179.77,180.36,48570055
AAPL,2019-02-25,179.64,182.12,177.29,180.71,41089933
AAPL,2019-02-26,178.47,179.5,177.33,178.08,40101880
AAPL,2019-02-27,177.46,178.65,176.12,177.64,20233782
AAPL,2019-02-28,177.77,179.49,176.07,177.41,24952075
AAPL,2019-03-01,177.17,179.62,176.03,179.18,57287581
AAPL,2019-03-04,178.41,179.05,175.95,176.95,51219362
AAPL,2019-03-05,176.75,177.79,173.82,176.36,62866200
AAPL,2019-03-06,176.5,177.44,174.68,175.06,52799055
AAPL,2019-03-07,174.55,176.06,173.35,173.75,55044468
AAPL,2019-03-08,172.53,174.05,171.83,172.01,67668235
AAPL,2019-03-11,173.14,174.08,171.62,172.7,71173179
AAPL,2019-03-12,171.76,171.81,169.95,170.63,69223966
AAPL,2019-03-13,170.44,171.82,170.27,171.81,66839036
AAPL,2019-03-14,171.36,172.65,170.85,170.98,26210715
AAPL,2019-03-15,168.79,170.87,168.6,169.76,72921958
AAPL,2019-03-18,167.88,168.54,167.36,168.13,38321829
AAPL,2019-03-19,166.43,169.09,165.08,165.86,56010502
AAPL,2019-03-20,165.86,166.39,164.7,166.33,62537345
AAPL,2019-03-21,164.91,167.28,163.16,165.97,29426807
AAPL,2019-03-22,164.94,164.98,164.22,164.96,40023633
AAPL,2019-03-25,161.82,162.93,161.02,162.25,22607411
AAPL,2019-03-26,160.15,160.53,157.56,158.28,67612497
AAPL,2019-03-27,157.71,158.89,156.33,158.34,26269324
AAPL,2019-03-28,155.65,157.63,152.82,156.71,79772463
AAPL,2019-03-29,157.34,157.46,154.63,155.94,72404938
AAPL,2019-04-01,155.47,156.82,154.79,156.6,76348502
AAPL,2019-04-02,155.26,157.47,153.72,156.27,64766028
AAPL,2019-04-03,155.87,157.85,153.46,153.92,38557968
AAPL,2019-04-04,156.24,157.3,155.35,156.03,58777230
AAPL,2019-04-05,158.49,159.55,157.25,158.51,30348533
AAPL,2019-04-08,158.36,158.42,158.11,158.41,25303943
AAPL,2019-04-09,159.72,160.87,159.1,159.31,44214909
AAPL,2019-04-10,156.87,159.75,155.44,159.3,61727753
AAPL,2019-04-11,159.37,162.31,157.56,160.33,78833246
AAPL,2019-04-12,160.86,161.33,160.73,160.8,40536721
AAPL,2019-04-15,159.46,160.76,158.14,159.75,43948053
AAPL,2019-04-16,160.78,162.81,159.29,159.33,54533268
AAPL,2019-04-17,159.95,162.53,157.41,162.11,29625105
AAPL,2019-04-18,161.4,164.34,159.16,162.05,57450390
AAPL,2019-04-19,161.23,162.87,158.28,162.58,71212060
AAPL,2019-04-22,161.7,163.76,161.42,163.68,37262030
AAPL,2019-04-23,165.06,167.26,163.43,165.69,55908279
AAPL,2019-04-24,164.45,164.9,164.17,164.59,29184536
AAPL,2019-04-25,164.01,165.39,163.98,164.33,53121540
AAPL,2019-04-26,164.59,165.17,161.95,164.07,55261449
AAPL,2019-04-29,166.06,167.9,164.0,165.46,51978888
AAPL,2019-04-30,163.64,165.92,163.53,165.31,41253537
AAPL,2019-05-01,166.8,169.07,164.27,166.53,28805586
AAPL,2019-05-02,167.49,168.84,165.32,168.44,75073945
AAPL,2019-05-03,167.77,169.86,167.76,169.06,70435843
AAPL,2019-05-06,167.65,168.86,165.03,166.98,39992066
AAPL,2019-05-07,165.99,167.67,164.31,166.34,39726497
AAPL,2019-05-08,167.05,167.12,166.08,166.74,55969234
AAPL,2019-05-09,164.75,167.1,162.63,166.16,27061183
AAPL,2019-05-10,165.71,166.08,163.5,164.11,71741502
AAPL,2019-05-13,163.66,165.87,160.66,165.52,28333100
AAPL,2019-05-14,165.09,166.58,164.56,165.95,48997166
AAPL,2019-05-15,166.5,168.22,164.74,165.38,32285500
AAPL,2019-05-16,165.48,167.58,163.72,165.98,63682501
AAPL,2019-05-17,165.23,168.05,164.45,166.0,77360370
AAPL,2019-05-20,165.48,166.92,164.17,166.75,32429667
AAPL,2019-05-21,163.97,166.15,162.48,164.08,66206264
AAPL,2019-05-22,160.83,161.51,160.44,160.87,23212883
AAPL,2019-05-23,163.17,163.38,163.0,163.11,70275547
AAPL,2019-05-24,161.54,163.9,158.62,160.58,50115806
AAPL,2019-05-27,161.54,161.74,160.08,160.14,20658003
AAPL,2019-05-28,160.75,161.79,159.8,161.34,55646533
AAPL,2019-05-29,160.63,162.62,157.74,160.47,32124052
AAPL,2019-05-30,158.8,159.58,156.61,159.52,48046417
AAPL,2019-05-31,159.36,159.93,158.35,158.84,60956756
AAPL,2019-06-03,158.56,158.9,158.11,158.29,24151785
AAPL,2019-06-04,157.79,159.43,154.85,155.89,77350171
AAPL,2019-06-05,154.83,156.95,153.2,153.51,42229189
AAPL,2019-06-06,154.27,154.69,152.28,152.8,36374601
AAPL,2019-06-07,152.33,154.28,150.69,150.91,73698471
AAPL,2019-06-10,149.17,152.1,146.79,149.43,70047007
AAPL,2019-06-11,147.36,148.35,145.09,146.78,27543159
AAPL,2019-06-12,146.3,146.78,145.53,146.71,77154215
AAPL,2019-06-13,149.25,149.33,149.05,149.18,32756935
AAPL,2019-06-14,148.09,150.49,146.97,148.56,49018490
AAPL,2019-06-17,149.3,152.19,148.69,150.52,45288599
AAPL,2019-06-18,151.12,151.95,150.18,151.32,55823502
AAPL,2019-06-19,152.7,153.17,150.61,152.64,38303750
AAPL,2019-06-20,152.43,155.12,151.92,153.54,38737371
AAPL,2019-06-21,151.38,154.06,149.42,150.13,32126467
AAPL,2019-06-24,152.9,155.47,152.55,154.71,50781302
AAPL,2019-06-25,155.78,158.73,153.78,156.92,61682179
AAPL,2019-06-26,160.33,162.3,159.94,161.56,70571616
AAPL,2019-06-27,161.44,162.07,160.3,162.02,57432795
AAPL,2019-06-28,164.37,165.99,162.24,163.42,30384778
AAPL,2019-07-01,165.23,166.17,164.47,165.86,40709963
AAPL,2019-07-02,164.06,166.2,161.58,162.04,43618516
AAPL,2019-07-03,163.42,165.64,162.85,164.56,78542358
AAPL,2019-07-05,164.33,166.85,162.92,166.77,59265186
AAPL,2019-07-08,166.32,166.64,165.38,165.38,62066990
AAPL,2019-07-09,165.83,166.51,163.32,164.21,29693374
AAPL,2019-07-10,165.2,165.85,164.12,164.24,76501560
AAPL,2019-07-11,164.26,167.07,161.65,165.8,50912354
AAPL,2019-07-12,166.07,168.02,163.45,163.45,75109050
AAPL,2019-07-15,162.07,163.45,159.48,161.65,43195170
AAPL,2019-07-16,162.6,164.04,162.55,163.18,69606925
AAPL,2019-07-17,163.55,166.13,162.67,165.82,37016233
AAPL,2019-07-18,167.78,170.73,165.92,168.61,33907579
AAPL,2019-07-19,168.72,171.34,168.38,170.46,60580924
AAPL,2019-07-22,168.22,168.36,166.52,167.04,71689101
AAPL,2019-07-23,166.52,167.42,164.29,164.44,72699203
AAPL,2019-07-24,167.08,168.07,166.06,168.05,25051646
AAPL,2019-07-25,165.74,168.12,165.64,167.09,67513151
AAPL,2019-07-26,168.25,170.23,167.49,168.09,37178283
AAPL,2019-07-29,165.31,168.04,163.3,167.23,37089239
AAPL,2019-07-30,166.7,168.78,166.45,168.57,68568493
AAPL,2019-07-31,169.8,172.48,168.47,170.9,47090738
AAPL,2019-08-01,171.89,173.81,169.86,170.38,60850837
AAPL,2019-08-02,173.12,173.91,172.31,173.07,46912512
AAPL,2019-08-05,172.0,174.67,171.99,172.1,64331269
AAPL,2019-08-06,169.3,170.13,166.39,167.63,77084656
AAPL,2019-08-07,167.88,169.22,166.46,168.09,44728252
AAPL,2019-08-08,164.64,165.3,164.53,164.61,66109273
AAPL,2019-08-09,164.25,164.91,163.06,163.14,72386024
AAPL,2019-08-12,161.18,163.03,160.84,161.6,51834022
AAPL,2019-08-13,159.94,161.97,159.81,160.78,52434302
AAPL,2019-08-14,159.68,160.95,158.45,160.72,66847988
AAPL,2019-08-15,160.69,161.58,158.53,161.44,31353540
AAPL,2019-08-16,160.49,160.64,159.72,159.77,63144878
AAPL,2019-08-19,159.91,161.91,157.51,160.43,70036370
AAPL,2019-08-20,160.92,163.62,159.71,160.97,38149286
AAPL,2019-08-21,161.29,163.23,158.63,161.38,29249677
AAPL,2019-08-22,163.44,165.28,160.82,164.05,68032410
AAPL,2019-08-23,164.89,167.38,161.92,166.4,51707048
AAPL,2019-08-26,165.35,166.81,163.62,163.76,78533076
AAPL,2019-08-27,163.55,164.95,161.1,161.36,73225748
AAPL,2019-08-28,161.66,163.68,160.83,161.7,53222265
AAPL,2019-08-29,160.88,162.03,159.53,160.98,60162344
AAPL,2019-08-30,160.05,161.8,158.94,160.66,30569315
AAPL,2019-09-02,160.44,161.98,159.94,161.26,78104228
AAPL,2019-09-03,161.81,162.27,161.73,162.08,71120091
AAPL,2019-09-04,160.14,162.52,158.35,158.77,34557759
AAPL,2019-09-05,158.55,159.2,155.59,157.23,23325315
AAPL,2019-09-06,158.12,158.81,155.19,157.12,66338604
AAPL,2019-09-09,154.93,155.02,153.77,153.97,53187633
AAPL,2019-09-10,152.0,153.46,151.61,153.16,67339044
AAPL,2019-09-11,153.78,156.45,151.97,155.67,63279132
AAPL,2019-09-12,156.88,158.05,155.72,156.51,63626563
AAPL,2019-09-13,157.86,159.46,157.35,157.87,64771670
AAPL,2019-09-16,156.9,157.68,156.32,156.4,43675262
AAPL,2019-09-17,157.58,159.25,156.54,158.11,48105186
AAPL,2019-09-18,158.33,158.95,155.98,158.16,35523665
AAPL,2019-09-19,158.81,160.67,158.21,159.18,55259675
AAPL,2019-09-20,161.08,163.8,160.68,162.53,43066465
AAPL,2019-09-23,163.33,165.94,162.94,165.31,66669316
AAPL,2019-09-24,165.3,167.93,162.47,163.28,61019538
AAPL,2019-09-25,161.69,163.95,160.21,161.34,50250211
AAPL,2019-09-26,159.51,161.8,158.35,160.11,54147064
AAPL,2019-09-27,160.6,163.28,159.23,161.03,55935918
AAPL,2019-09-30,162.12,164.99,161.52,161.9,63860083
AAPL,2019-10-01,160.97,161.87,160.25,160.76,45974082
AAPL,2019-10-02,160.65,162.53,157.87,157.96,54761183
AAPL,2019-10-03,157.37,159.99,155.79,158.45,36515348
AAPL,2019-10-04,159.24,160.08,158.61,160.02,58067502
AAPL,2019-10-07,160.29,163.27,160.02,160.03,75456322
AAPL,2019-10-08,162.08,164.3,161.65,163.65,34163844
AAPL,2019-10-09,165.85,168.5,163.75,164.25,56400662
AAPL,2019-10-10,162.52,163.74,161.3,161.46,41777762
AAPL,2019-10-11,162.14,163.87,160.05,160.07,50885970
AAPL,2019-10-14,159.34,159.57,157.84,159.21,37014415
AAPL,2019-10-15,157.73,159.86,155.73,156.6,37290529
AAPL,2019-10-16,157.16,159.95,155.94,159.57,58636252
AAPL,2019-10-17,161.19,162.84,160.53,160.61,69405330
AAPL,2019-10-18,160.77,161.14,158.1,159.63,70894269
AAPL,2019-10-21,160.78,162.44,158.87,160.75,63154609
AAPL,2019-10-22,162.68,165.09,161.02,163.14,29667788
AAPL,2019-10-23,165.27,166.47,164.79,166.27,68439031
AAPL,2019-10-24,164.88,167.13,163.93,163.93,67799289
AAPL,2019-10-25,165.64,167.42,162.95,165.56,79455239
AAPL,2019-10-28,163.06,165.28,162.11,162.43,23689024
AAPL,2019-10-29,161.58,164.18,159.86,163.78,43552818
AAPL,2019-10-30,165.22,166.35,162.33,162.69,67423958
AAPL,2019-10-31,162.22,164.12,160.11,160.13,65969430
AAPL,2019-11-01,160.89,161.44,160.05,160.23,38181571
AAPL,2019-11-04,160.03,160.35,157.68,159.4,25630761
AAPL,2019-11-05,158.21,159.37,155.61,157.4,26882799
AAPL,2019-11-06,156.0,157.11,155.84,156.81,64042449
AAPL,2019-11-07,156.63,158.79,155.52,158.36,70450229
AAPL,2019-11-08,158.36,160.39,156.54,157.68,69825495
AAPL,2019-11-11,157.48,159.69,154.56,154.83,64319259
AAPL,2019-11-12,154.27,156.94,153.41,154.71,68176440
AAPL,2019-11-13,156.81,158.44,156.51,157.84,52271884
AAPL,2019-11-14,156.83,156.89,156.46,156.64,56462488
AAPL,2019-11-15,156.67,159.39,155.87,158.42,31368856
AAPL,2019-11-18,159.89,161.92,158.95,161.25,51338158
AAPL,2019-11-19,158.94,161.51,157.21,157.54,52557230
AAPL,2019-11-20,156.94,157.74,156.89,157.14,52284704
AAPL,2019-11-21,156.75,158.68,155.04,157.11,49022580
AAPL,2019-11-22,159.45,161.99,159.38,161.73,28368352
AAPL,2019-11-25,161.21,161.83,160.75,161.72,50109596
AAPL,2019-11-26,159.89,161.34,157.65,159.4,67113433
AAPL,2019-11-27,161.61,162.33,160.02,161.52,37034570
AAPL,2019-11-28,161.21,162.31,160.53,160.88,20764265
AAPL,2019-11-29,163.46,164.41,162.63,164.38,69994183
AAPL,2019-12-02,164.34,166.36,163.56,164.53,68257587
AAPL,2019-12-03,164.94,166.56,164.76,166.0,31152153
AAPL,2019-12-04,162.97,164.86,161.63,162.06,40655025
AAPL,2019-12-05,162.51,163.57,159.66,163.42,69536389
AAPL,2019-12-06,163.97,165.35,162.33,163.64,74331101
AAPL,2019-12-09,165.28,166.72,162.59,165.38,71535568
AAPL,2019-12-10,168.0,170.56,167.27,170.43,60483087
AAPL,2019-12-11,170.83,172.05,167.97,170.1,21578315
AAPL,2019-12-12,169.13,170.91,168.91,170.15,73377177
AAPL,2019-12-13,170.01,172.21,168.94,171.22,39674922
AAPL,2019-12-16,173.19,175.46,172.7,174.02,76371171
AAPL,2019-12-17,173.82,175.82,173.33,174.74,45778005
AAPL,2019-12-18,176.22,178.73,173.87,175.7,41970075
AAPL,2019-12-19,175.42,176.09,174.45,175.84,63428295
AAPL,2019-12-20,175.78,176.52,174.57,176.31,21901740
AAPL,2019-12-23,174.32,175.51,171.56,175.48,78674847
AAPL,2019-12-24,175.44,177.35,175.17,175.24,66505570
AAPL,2019-12-26,176.9,177.97,174.54,175.4,26760403
AAPL,2019-12-27,175.28,177.82,172.57,177.18,44147347
AAPL,2019-12-30,176.01,176.67,175.89,175.92,34374288
AAPL,2019-12-31,175.58,176.25,174.29,175.7,23541815
AAPL,2020-01-02,176.01,178.29,175.16,176.27,34900526
AAPL,2020-01-03,178.86,180.06,176.57,179.44,79646035
AAPL,2020-01-06,178.25,180.02,177.69,178.46,68448102
AAPL,2020-01-07,177.6,178.69,176.71,178.45,49538176
AAPL,2020-01-08,179.42,181.93,178.42,180.85,43612951
AAPL,2020-01-09,181.71,183.26,180.32,180.45,57706355
AAPL,2020-01-10,178.38,178.76,176.08,176.08,64306168
AAPL,2020-01-13,174.21,176.38,173.61,174.17,63338836
AAPL,2020-01-14,172.5,172.5,170.31,172.43,43809061
AAPL,2020-01-15,173.69,174.94,171.41,173.56,43260701
AAPL,2020-01-16,173.89,176.34,173.35,174.46,68598394
AAPL,2020-01-17,175.58,176.24,173.29,174.89,58553543
AAPL,2020-01-20,173.69,175.32,171.56,172.19,28466685
AAPL,2020-01-21,174.25,174.38,173.45,174.01,50749806
AAPL,2020-01-22,175.69,176.0,174.15,175.09,62544931
AAPL,2020-01-23,176.3,176.78,175.76,175.86,48531909
AAPL,2020-01-24,177.9,180.09,175.31,176.62,63791098
AAPL,2020-01-27,173.84,174.48,171.84,172.26,60799568
AAPL,2020-01-28,173.77,175.46,170.93,173.18,43698370
AAPL,2020-01-29,173.15,174.31,170.43,170.49,23956778
AAPL,2020-01-30,169.55,171.66,166.64,168.84,22570115
AAPL,2020-01-31,169.02,171.14,167.42,169.43,53161204
AAPL,2020-02-03,170.32,172.91,169.78,172.28,45048546
AAPL,2020-02-04,172.54,175.18,170.11,173.54,20125355
AAPL,2020-02-05,174.4,176.42,172.01,173.11,77647478
AAPL,2020-02-06,174.66,177.38,174.62,176.48,41306491
AAPL,2020-02-07,173.62,174.79,173.05,173.77,76347525
AAPL,2020-02-10,174.2,175.41,173.99,175.1,39363133
AAPL,2020-02-11,173.19,175.22,172.97,173.43,47664038
AAPL,2020-02-12,175.33,177.34,173.43,174.21,71899794
AAPL,2020-02-13,175.47,178.44,174.49,178.21,56426088
AAPL,2020-02-14,177.92,179.48,177.38,179.42,36872772
AAPL,2020-02-17,181.08,181.65,179.33,179.8,37520304
AAPL,2020-02-18,178.55,179.17,177.1,177.66,46678907
AAPL,2020-02-19,178.57,179.0,176.78,177.16,35664622
AAPL,2020-02-20,177.7,177.98,175.9,177.2,53843566
AAPL,2020-02-21,177.93,180.04,176.81,178.63,76635464
AAPL,2020-02-24,179.69,180.63,178.88,179.93,48864924
AAPL,2020-02-25,177.42,178.77,175.58,176.26,26687666
AAPL,2020-02-26,176.22,177.98,174.12,176.75,28167707
AAPL,2020-02-27,176.67,179.48,175.04,179.21,27446153
AAPL,2020-02-28,180.27,180.84,178.25,180.78,54974352
AAPL,2020-03-02,181.75,182.73,179.08,179.39,64299672
AAPL,2020-03-03,178.23,179.53,176.06,176.09,68657655
AAPL,2020-03-04,175.47,177.48,173.37,174.21,77419814
AAPL,2020-03-05,174.82,177.04,174.78,175.34,68453624
AAPL,2020-03-06,172.2,174.93,171.14,172.75,72481853
AAPL,2020-03-09,173.76,174.0,170.91,173.5,55284517
AAPL,2020-03-10,173.12,173.97,170.76,172.04,78458981
AAPL,2020-03-11,173.72,175.28,173.51,174.17,33281788
AAPL,2020-03-12,174.58,175.39,173.47,175.19,63864712
AAPL,2020-03-13,174.94,176.17,172.32,174.78,43700197
AAPL,2020-03-16,174.33,176.28,171.52,171.82,72584289
AAPL,2020-03-17,172.96,174.76,172.36,173.78,25939334
AAPL,2020-03-18,172.41,175.19,172.09,174.46,34693325
AAPL,2020-03-19,172.63,175.4,172.29,173.9,42644720
AAPL,2020-03-20,173.61,176.26,171.17,174.66,24539170
AAPL,2020-03-23,173.61,176.38,172.28,174.55,40969112
AAPL,2020-03-24,173.54,176.03,171.17,172.67,52377375
AAPL,2020-03-25,174.74,176.64,173.62,174.44,75978831
AAPL,2020-03-26,173.98,175.16,172.32,173.75,47329173
AAPL,2020-03-27,174.99,177.64,173.96,175.66,55502493
AAPL,2020-03-30,175.92,176.4,173.9,174.35,47700781
AAPL,2020-03-31,173.96,175.25,171.74,174.77,22744804
AAPL,2020-04-01,175.53,176.01,175.28,175.29,60794346
AAPL,2020-04-02,177.51,177.87,175.61,176.93,58826657
AAPL,2020-04-03,177.42,178.16,177.25,177.61,52422005
AAPL,2020-04-06,178.61,180.46,176.94,178.4,50362557
AAPL,2020-04-07,180.23,181.47,177.97,178.68,44516082
AAPL,2020-04-08,179.12,179.19,176.28,178.31,68656628
AAPL,2020-04-09,176.51,176.94,174.43,174.95,25301572
AAPL,2020-04-10,176.46,178.78,173.61,177.62,28425021
AAPL,2020-04-13,176.77,178.19,175.09,177.04,24860319
AAPL,2020-04-14,179.21,181.4,177.12,180.34,71240028
AAPL,2020-04-15,182.68,184.14,181.68,183.63,79245261
AAPL,2020-04-16,184.94,186.15,183.49,183.53,34986157
AAPL,2020-04-17,184.41,187.12,183.8,184.02,30095125
AAPL,2020-04-20,182.68,184.91,180.14,182.74,75651376
AAPL,2020-04-21,180.96,183.37,179.66,183.36,72331130
AAPL,2020-04-22,181.77,181.98,179.58,181.04,35072182
AAPL,2020-04-23,180.51,182.68,178.54,181.47,55921754
AAPL,2020-04-24,182.43,184.96,181.31,183.62,26964705
AAPL,2020-04-27,184.63,184.83,182.33,183.79,23049316
AAPL,2020-04-28,183.25,185.28,180.97,181.03,37683666
AAPL,2020-04-29,182.36,182.87,181.78,182.75,30431929
AAPL,2020-04-30,185.01,186.8,183.05,186.38,22928100
AAPL,2020-05-01,187.54,188.46,186.3,187.84,68155151
AAPL,2020-05-04,186.2,186.92,185.56,186.14,26822603
AAPL,2020-05-05,187.8,189.47,186.05,186.51,47312498
AAPL,2020-05-06,188.11,190.5,187.29,189.51,70516162
AAPL,2020-05-07,191.37,192.34,190.56,190.9,50670201
AAPL,2020-05-08,190.85,193.32,190.66,192.73,59290062
AAPL,2020-05-11,194.61,195.17,194.34,194.92,58535371
AAPL,2020-05-12,192.74,194.13,191.95,192.86,77827935
AAPL,2020-05-13,192.32,192.44,190.32,191.0,51328311
AAPL,2020-05-14,190.16,192.37,188.85,191.2,22480017
AAPL,2020-05-15,191.23,192.96,191.03,191.21,73552779
AAPL,2020-05-18,191.68,194.1,189.11,194.09,50586530
AAPL,2020-05-19,193.52,194.47,190.64,194.06,43317396
AAPL,2020-05-20,195.18,196.12,193.22,193.89,26548894
AAPL,2020-05-21,195.18,197.47,195.06,197.08,63599082
AAPL,2020-05-22,197.35,198.59,196.14,197.1,49327427
AAPL,2020-05-25,199.6,200.93,197.48,198.82,63488531
AAPL,2020-05-26,200.5,201.64,199.39,200.78,54671806
AAPL,2020-05-27,201.9,204.84,199.95,203.88,71432915
AAPL,2020-05-28,205.22,208.07,202.72,204.66,38324149
AAPL,2020-05-29,206.05,206.55,204.55,205.93,61385470
AAPL,2020-06-01,205.63,207.29,203.39,206.55,52544960
AAPL,2020-06-02,206.41,207.78,204.41,207.23,77889421
AAPL,2020-06-03,206.65,206.72,206.14,206.4,27505191
AAPL,2020-06-04,209.15,210.76,207.68,208.92,76118220
AAPL,2020-06-05,210.51,212.44,210.27,211.88,24975467
AAPL,2020-06-08,209.65,209.75,208.38,208.5,76251007
AAPL,2020-06-09,207.83,209.9,206.04,207.98,51941562
AAPL,2020-06-10,207.92,210.13,207.06,209.52,75245730
AAPL,2020-06-11,207.49,209.56,205.68,208.08,34058702
AAPL,2020-06-12,207.37,208.38,207.17,208.35,39215280
AAPL,2020-06-15,210.43,211.35,208.77,210.81,62812486
AAPL,2020-06-16,208.86,210.27,208.05,208.27,68280115
AAPL,2020-06-17,208.2,211.16,207.7,208.1,57392619
AAPL,2020-06-18,208.63,209.61,207.73,208.17,40096059
AAPL,2020-06-19,208.61,209.67,207.7,209.62,79551513
AAPL,2020-06-22,209.13,210.16,206.54,207.1,39807702
AAPL,2020-06-23,207.21,209.33,205.36,205.98,61859263
AAPL,2020-06-24,206.24,206.67,204.37,205.0,34857661
AAPL,2020-06-25,205.89,208.84,204.7,207.66,22873524
AAPL,2020-06-26,207.25,209.43,205.53,208.13,69066919
AAPL,2020-06-29,207.42,207.55,207.04,207.33,32537895
AAPL,2020-06-30,205.73,207.2,203.51,205.33,63402450
AAPL,2020-07-01,204.27,206.67,203.9,205.83,62500282
AAPL,2020-07-02,205.12,205.71,202.27,202.87,42451154
AAPL,2020-07-06,203.63,206.24,202.42,206.13,64872775
AAPL,2020-07-07,206.39,206.81,204.68,205.07,75912157
AAPL,2020-07-08,206.1,207.32,203.39,205.76,25053127
AAPL,2020-07-09,205.42,207.78,204.66,207.59,34431999
AAPL,2020-07-10,206.58,209.12,204.19,205.05,23820888
AAPL,2020-07-13,202.64,204.2,201.07,202.91,27199107
AAPL,2020-07-14,202.89,205.27,201.01,204.21,69063861
AAPL,2020-07-15,203.72,204.32,202.84,203.19,67257306
AAPL,2020-07-16,200.98,201.6,200.27,201.48,47639012
AAPL,2020-07-17,202.42,202.88,200.96,201.79,33575056
AAPL,2020-07-20,204.14,205.27,202.02,203.57,30843306
AAPL,2020-07-21,200.98,202.0,199.45,201.02,38707656
AAPL,2020-07-22,202.02,202.39,200.14,200.77,59651128
AAPL,2020-07-23,201.94,202.42,201.87,202.12,33329672
AAPL,2020-07-24,201.49,203.81,198.75,199.71,22115226
AAPL,2020-07-27,198.25,200.65,197.07,199.76,22088618
AAPL,2020-07-28,199.06,200.73,196.49,200.03,43537207
AAPL,2020-07-29,197.96,198.02,195.48,196.81,61313512
AAPL,2020-07-30,195.83,196.71,194.83,195.38,64019815
AAPL,2020-07-31,195.74,197.57,193.7,194.93,38722753
AAPL,2020-08-03,195.69,197.21,194.64,196.99,70015907
AAPL,2020-08-04,196.42,198.57,194.3,196.96,44626669
AAPL,2020-08-05,196.96,197.39,196.02,197.18,66663593
AAPL,2020-08-06,198.05,200.86,197.49,198.75,49014915
AAPL,2020-08-07,196.51,197.23,194.38,195.16,77124214
AAPL,2020-08-10,196.35,197.85,195.61,196.66,44325097
AAPL,2020-08-11,198.46,199.28,197.93,198.33,43286978
AAPL,2020-08-12,197.32,197.34,196.68,197.12,41249305
AAPL,2020-08-13,199.2,200.27,196.93,197.92,28513199
AAPL,2020-08-14,197.58,198.15,197.03,197.41,54714584
AAPL,2020-08-17,199.79,200.31,198.33,198.56,64144380
AAPL,2020-08-18,197.74,199.53,196.44,196.95,50958456
AAPL,2020-08-19,196.04,196.18,195.39,195.4,34139482
AAPL,2020-08-20,197.98,199.68,196.01,199.31,58198513
AAPL,2020-08-21,201.26,201.51,200.5,201.29,41419897
AAPL,2020-08-24,201.38,201.74,198.44,199.15,40333128
AAPL,2020-08-25,201.47,203.57,199.62,203.03,38520171
AAPL,2020-08-26,200.53,202.23,199.64,202.07,46801589
AAPL,2020-08-27,203.01,203.11,200.66,201.25,35823521
AAPL,2020-08-28,198.11,200.19,196.74,197.52,39736686
AAPL,2020-08-31,196.29,198.36,193.6,197.15,79871253
AAPL,2020-09-01,196.49,197.58,194.07,195.22,45487961
AAPL,2020-09-02,195.53,196.61,192.79,194.95,66374413
AAPL,2020-09-03,195.83,198.3,194.68,196.34,47534580
AAPL,2020-09-04,193.52,195.56,193.29,194.25,54068385
AAPL,2020-09-07,192.75,193.97,192.27,193.39,30311825
AAPL,2020-09-08,194.6,197.13,193.93,194.7,72829582
AAPL,2020-09-09,196.79,198.78,196.56,197.35,36270947
AAPL,2020-09-10,199.65,199.79,198.69,199.17,57088582
AAPL,2020-09-11,196.86,197.92,195.62,197.17,28202637
AAPL,2020-09-14,195.37,196.23,193.7,193.77,24290447
AAPL,2020-09-15,192.07,192.57,189.43,191.18,74248181
AAPL,2020-09-16,192.51,193.3,191.57,193.02,34342726
AAPL,2020-09-17,195.99,197.9,194.1,195.63,30298825
AAPL,2020-09-18,193.25,195.59,192.06,193.63,32754301
AAPL,2020-09-21,193.9,195.52,191.37,193.16,37353731
AAPL,2020-09-22,193.97,195.27,193.22,194.34,57622216
AAPL,2020-09-23,194.06,195.04,193.94,194.24,47397770
AAPL,2020-09-24,195.67,196.64,194.97,195.32,77731487
AAPL,2020-09-25,197.05,199.89,195.85,199.01,21303306
AAPL,2020-09-28,199.99,202.98,199.42,201.06,59122449
AAPL,2020-09-29,201.68,202.22,199.81,200.35,64416046
AAPL,2020-09-30,202.01,204.34,201.62,203.16,40410862
AAPL,2020-10-01,205.52,205.77,204.34,204.48,24155304
AAPL,2020-10-02,201.78,202.79,201.55,201.84,28701524
AAPL,2020-10-05,204.74,205.15,204.05,205.01,39708747
AAPL,2020-10-06,205.33,205.97,204.07,204.09,75952372
AAPL,2020-10-07,206.57,208.91,205.63,206.44,63878697
AAPL,2020-10-08,206.3,209.22,204.67,205.92,47117850
AAPL,2020-10-09,207.12,207.52,205.58,205.96,38237451
AAPL,2020-10-12,204.34,205.01,203.39,203.81,60657415
AAPL,2020-10-13,203.48,204.83,202.47,204.52,43192477
AAPL,2020-10-14,203.19,205.18,200.58,204.07,57706524
AAPL,2020-10-15,203.15,204.74,202.67,203.85,56753471
AAPL,2020-10-16,204.88,206.52,202.68,204.01,26295425
AAPL,2020-10-19,204.45,204.62,204.35,204.46,61505238
AAPL,2020-10-20,204.35,207.28,203.32,204.66,21770403
AAPL,2020-10-21,201.97,203.91,199.34,202.95,22072723
AAPL,2020-10-22,204.77,205.96,204.3,205.52,24722340
AAPL,2020-10-23,202.41,205.38,202.32,203.68,39838558
AAPL,2020-10-26,207.05,209.43,205.07,207.59,48890300
AAPL,2020-10-27,209.94,212.24,208.64,210.25,60360129
AAPL,2020-10-28,210.0,212.55,209.4,212.34,26818922
AAPL,2020-10-29,210.19,210.49,208.38,209.48,35393675
AAPL,2020-10-30,209.66,212.64,208.78,209.59,63866822
AAPL,2020-11-02,210.31,210.62,209.93,210.61,28434858
AAPL,2020-11-03,210.54,211.0,207.87,210.82,20876336
AAPL,2020-11-04,211.67,212.96,210.84,212.47,52308604
AAPL,2020-11-05,214.13,215.1,212.15,214.07,24639022
AAPL,2020-11-06,211.27,213.09,208.72,208.92,73834063
AAPL,2020-11-09,208.36,211.15,207.36,209.12,78765512
AAPL,2020-11-10,210.72,213.25,209.27,212.36,24175282
AAPL,2020-11-11,211.2,212.09,209.21,211.99,35211804
AAPL,2020-11-12,213.28,213.78,213.21,213.42,70473805
AAPL,2020-11-13,212.95,215.35,210.36,211.11,53691077
AAPL,2020-11-16,210.93,212.51,208.84,212.14,66992088
AAPL,2020-11-17,212.91,214.75,211.17,212.08,47205484
AAPL,2020-11-18,210.27,212.26,208.37,210.68,22656222
AAPL,2020-11-19,210.05,212.76,207.54,208.2,25459501
AAPL,2020-11-20,205.48,207.97,202.72,206.13,61592940
AAPL,2020-11-23,207.89,208.75,206.99,208.56,78557684
AAPL,2020-11-24,208.62,209.38,208.58,209.01,51785895
AAPL,2020-11-25,211.49,214.19,209.83,213.37,58837854
AAPL,2020-11-26,213.44,214.61,212.72,212.9,30387155
AAPL,2020-11-27,210.14,212.63,207.21,209.4,60908853
AAPL,2020-11-30,212.5,214.25,210.06,211.43,58091886
AAPL,2020-12-01,210.84,213.42,209.06,212.09,42744736
AAPL,2020-12-02,211.0,212.74,208.92,211.6,34912584
AAPL,2020-12-03,212.22,215.2,211.94,214.48,27845772
AAPL,2020-12-04,212.2,213.53,210.35,213.05,57562578
AAPL,2020-12-07,212.43,214.0,211.58,212.3,72485196
AAPL,2020-12-08,210.77,210.94,210.45,210.74,76242142
AAPL,2020-12-09,207.63,208.52,204.83,206.76,46463506
AAPL,2020-12-10,206.34,207.26,204.5,206.98,76046823
AAPL,2020-12-11,205.66,208.34,205.44,208.07,72358467
AAPL,2020-12-14,207.95,209.62,206.87,209.38,42802477
AAPL,2020-12-15,211.77,214.7,209.27,210.92,77649267
AAPL,2020-12-16,211.03,213.3,209.67,211.17,75211445
AAPL,2020-12-17,212.48,213.43,210.74,211.67,34042008
AAPL,2020-12-18,209.71,211.23,209.22,210.54,77442576
AAPL,2020-12-21,207.82,210.64,205.2,207.66,26143192
AAPL,2020-12-22,206.95,208.93,205.62,207.77,29698623
AAPL,2020-12-23,210.47,212.42,207.61,208.34,57221001
AAPL,2020-12-24,207.73,208.06,205.13,206.0,47006699
AAPL,2020-12-28,204.33,206.53,203.7,203.87,43584256
AAPL,2020-12-29,201.95,202.25,201.6,201.77,58778801
AAPL,2020-12-30,202.57,204.35,202.12,202.5,36188828
AAPL,2020-12-31,200.04,201.34,198.25,198.5,28884527
